incomes
18
25
51
27
38
37
120
53
39
20
214
62
94
22
32
27
20
64
47
45
22
21
21
30
36
39
48
12
42
37
27
20
37
131
93
21
25
23
19
32
26
21
20
121
57
74
37
44
48
52
20
119
26
41
79
207
23
116
63
59
15
34
34
17
30
75
52
54
83
80
21
20
214
48
20
37
164
20
21
20
20
23
17
32
41
55
47
87
102
16
21
66
49
22
21
36
13
93
29
32
32
57
35
35
42
22
71
68
31
46
18
47
65
22
33
29
38
40
50
20
24
27
16
77
68
154
14
20
20
20
23
80
38
20
58
20
38
22
48
20
69
203
11
119
20
40
52
45
39
47
22
29
